Kód ADM;Kód obce;Název obce;Kód MOMC;Název MOMC;Kód obvodu Prahy;Název obvodu Prahy;Kód èásti obce;Název èásti obce;Kód ulice;Název ulice;Typ SO;Èíslo domovní;Èíslo orientaèní;Znak èísla orientaèního;PSÈ;Souøadnice Y;Souøadnice X;Platí Od
345555;549380;Drhovle;;;;;32409;Brloh;;;è.p.;1;;;39701;783554.81;1122733.38;2013-12-03T00:00:00
345563;549380;Drhovle;;;;;32409;Brloh;;;è.p.;2;;;39701;784179.50;1123194.13;2013-12-03T00:00:00
345571;549380;Drhovle;;;;;32409;Brloh;;;è.p.;3;;;39701;784193.50;1122431.00;2013-12-03T00:00:00
345580;549380;Drhovle;;;;;32409;Brloh;;;è.p.;4;;;39701;783908.81;1122489.88;2013-12-03T00:00:00
345598;549380;Drhovle;;;;;32409;Brloh;;;è.p.;5;;;39701;783403.25;1122673.88;2013-12-03T00:00:00
345601;549380;Drhovle;;;;;32409;Brloh;;;è.p.;6;;;39701;783336.00;1122698.00;2013-12-03T00:00:00
345610;549380;Drhovle;;;;;32409;Brloh;;;è.p.;7;;;39701;783303.81;1122659.13;2013-12-03T00:00:00
345628;549380;Drhovle;;;;;32409;Brloh;;;è.p.;8;;;39701;783250.06;1122670.13;2013-12-03T00:00:00
345636;549380;Drhovle;;;;;32409;Brloh;;;è.p.;9;;;39701;783196.75;1122575.50;2013-12-03T00:00:00
345644;549380;Drhovle;;;;;32409;Brloh;;;è.p.;10;;;39701;783080.44;1122593.88;2013-12-03T00:00:00
345652;549380;Drhovle;;;;;32409;Brloh;;;è.p.;11;;;39701;783168.88;1122637.88;2013-12-03T00:00:00
345661;549380;Drhovle;;;;;32409;Brloh;;;è.p.;12;;;39701;783180.31;1122660.75;2013-12-03T00:00:00
345679;549380;Drhovle;;;;;32409;Brloh;;;è.p.;13;;;39701;783199.75;1122684.50;2013-12-03T00:00:00
345687;549380;Drhovle;;;;;32409;Brloh;;;è.p.;14;;;39701;783162.50;1122699.63;2013-12-03T00:00:00
345695;549380;Drhovle;;;;;32409;Brloh;;;è.p.;16;;;39701;783166.75;1122728.00;2013-12-03T00:00:00
345709;549380;Drhovle;;;;;32409;Brloh;;;è.p.;17;;;39701;783143.00;1122740.25;2013-12-03T00:00:00
345717;549380;Drhovle;;;;;32409;Brloh;;;è.p.;18;;;39701;783213.31;1122740.75;2013-12-03T00:00:00
345725;549380;Drhovle;;;;;32409;Brloh;;;è.p.;19;;;39701;783261.50;1122734.38;2013-12-03T00:00:00
345733;549380;Drhovle;;;;;32409;Brloh;;;è.p.;21;;;39701;783332.19;1122755.13;2013-12-03T00:00:00
345741;549380;Drhovle;;;;;32409;Brloh;;;è.p.;22;;;39701;783322.00;1122793.13;2013-12-03T00:00:00
345750;549380;Drhovle;;;;;32409;Brloh;;;è.p.;26;;;39701;783373.63;1122794.50;2013-12-03T00:00:00
345768;549380;Drhovle;;;;;32409;Brloh;;;è.p.;27;;;39701;783360.13;1122776.63;2013-12-03T00:00:00
345776;549380;Drhovle;;;;;32409;Brloh;;;è.p.;28;;;39701;783697.31;1122589.25;2013-12-03T00:00:00
345784;549380;Drhovle;;;;;32409;Brloh;;;è.p.;29;;;39701;783259.38;1122684.00;2013-12-03T00:00:00
345792;549380;Drhovle;;;;;32409;Brloh;;;è.p.;31;;;39701;783297.06;1122832.13;2013-12-03T00:00:00
345806;549380;Drhovle;;;;;32409;Brloh;;;è.p.;32;;;39701;783288.94;1122820.25;2013-12-03T00:00:00
345814;549380;Drhovle;;;;;32409;Brloh;;;è.p.;33;;;39701;783674.44;1122531.25;2013-12-03T00:00:00
345822;549380;Drhovle;;;;;32409;Brloh;;;è.p.;35;;;39701;784386.81;1121603.63;2013-12-03T00:00:00
345831;549380;Drhovle;;;;;32409;Brloh;;;è.p.;36;;;39701;784451.94;1121659.63;2013-12-03T00:00:00
345849;549380;Drhovle;;;;;32409;Brloh;;;è.p.;37;;;39701;784411.75;1121614.63;2013-12-03T00:00:00
345857;549380;Drhovle;;;;;32409;Brloh;;;è.p.;38;;;39701;784486.69;1121614.18;2013-12-03T00:00:00
345865;549380;Drhovle;;;;;32409;Brloh;;;è.p.;39;;;39701;783101.98;1122768.43;2013-12-03T00:00:00
345873;549380;Drhovle;;;;;32409;Brloh;;;è.p.;40;;;39701;784542.69;1121617.00;2013-12-03T00:00:00
345881;549380;Drhovle;;;;;32409;Brloh;;;è.p.;41;;;39701;784404.56;1121577.88;2013-12-03T00:00:00
345890;549380;Drhovle;;;;;32409;Brloh;;;è.p.;42;;;39701;783657.94;1122569.00;2013-12-03T00:00:00
345903;549380;Drhovle;;;;;32409;Brloh;;;è.p.;43;;;39701;784207.31;1122378.88;2013-12-03T00:00:00
345911;549380;Drhovle;;;;;32409;Brloh;;;è.p.;44;;;39701;783464.63;1122688.25;2013-12-03T00:00:00
345920;549380;Drhovle;;;;;32409;Brloh;;;è.p.;46;;;39701;783052.94;1122540.13;2013-12-03T00:00:00
345938;549380;Drhovle;;;;;32409;Brloh;;;è.p.;47;;;39701;783017.00;1122543.63;2013-12-03T00:00:00
345946;549380;Drhovle;;;;;32409;Brloh;;;è.p.;48;;;39701;783007.69;1122578.25;2013-12-03T00:00:00
345954;549380;Drhovle;;;;;32409;Brloh;;;è.p.;49;;;39701;782945.06;1122581.63;2013-12-03T00:00:00
345962;549380;Drhovle;;;;;32409;Brloh;;;è.p.;50;;;39701;783243.75;1122623.13;2013-12-03T00:00:00
345971;549380;Drhovle;;;;;32409;Brloh;;;è.p.;51;;;39701;783207.95;1122698.45;2013-12-03T00:00:00
345989;549380;Drhovle;;;;;32417;Drhovle Ves;;;è.p.;1;;;39701;781502.25;1122190.00;2013-12-03T00:00:00
345997;549380;Drhovle;;;;;32417;Drhovle Ves;;;è.p.;2;;;39701;781571.81;1122199.00;2013-12-03T00:00:00
346004;549380;Drhovle;;;;;32417;Drhovle Ves;;;è.p.;3;;;39701;781616.31;1122195.25;2013-12-03T00:00:00
346012;549380;Drhovle;;;;;32417;Drhovle Ves;;;è.p.;4;;;39701;781630.88;1122216.88;2013-12-03T00:00:00
346021;549380;Drhovle;;;;;32417;Drhovle Ves;;;è.p.;5;;;39701;781671.63;1122212.25;2013-12-03T00:00:00
346039;549380;Drhovle;;;;;32417;Drhovle Ves;;;è.p.;6;;;39701;781693.44;1122183.75;2013-12-03T00:00:00
346047;549380;Drhovle;;;;;32417;Drhovle Ves;;;è.p.;7;;;39701;781698.94;1122211.50;2013-12-03T00:00:00
346055;549380;Drhovle;;;;;32417;Drhovle Ves;;;è.p.;8;;;39701;781707.63;1122211.50;2013-12-03T00:00:00
346063;549380;Drhovle;;;;;32417;Drhovle Ves;;;è.p.;9;;;39701;781721.63;1122255.50;2013-12-03T00:00:00
346071;549380;Drhovle;;;;;32417;Drhovle Ves;;;è.p.;10;;;39701;781601.50;1122306.25;2013-12-03T00:00:00
346080;549380;Drhovle;;;;;32417;Drhovle Ves;;;è.p.;11;;;39701;781555.44;1122336.38;2013-12-03T00:00:00
346098;549380;Drhovle;;;;;32417;Drhovle Ves;;;è.p.;12;;;39701;781510.63;1122332.75;2013-12-03T00:00:00
346101;549380;Drhovle;;;;;32417;Drhovle Ves;;;è.p.;13;;;39701;781524.44;1122313.88;2013-12-03T00:00:00
346110;549380;Drhovle;;;;;32417;Drhovle Ves;;;è.p.;14;;;39701;781514.19;1122275.00;2013-12-03T00:00:00
346128;549380;Drhovle;;;;;32417;Drhovle Ves;;;è.p.;15;;;39701;781496.43;1122225.36;2019-06-05T00:00:00
346136;549380;Drhovle;;;;;32417;Drhovle Ves;;;è.p.;16;;;39701;781551.50;1122300.00;2013-12-03T00:00:00
346144;549380;Drhovle;;;;;32417;Drhovle Ves;;;è.p.;19;;;39701;781530.50;1122197.00;2013-12-03T00:00:00
346152;549380;Drhovle;;;;;32417;Drhovle Ves;;;è.p.;20;;;39701;781548.88;1122264.38;2013-12-03T00:00:00
346161;549380;Drhovle;;;;;32417;Drhovle Ves;;;è.p.;22;;;39701;781486.75;1122276.38;2013-12-03T00:00:00
346179;549380;Drhovle;;;;;32417;Drhovle Ves;;;è.p.;23;;;39701;781516.69;1122268.63;2013-12-03T00:00:00
346187;549380;Drhovle;;;;;32417;Drhovle Ves;;;è.p.;24;;;39701;781577.69;1122221.25;2013-12-03T00:00:00
346195;549380;Drhovle;;;;;32417;Drhovle Ves;;;è.p.;25;;;39701;781664.63;1122190.88;2013-12-03T00:00:00
346209;549380;Drhovle;;;;;32417;Drhovle Ves;;;è.p.;26;;;39701;781655.75;1122220.75;2013-12-03T00:00:00
346217;549380;Drhovle;;;;;32417;Drhovle Ves;;;è.p.;27;;;39701;781539.19;1122210.00;2013-12-03T00:00:00
346225;549380;Drhovle;;;;;32417;Drhovle Ves;;;è.p.;28;;;39701;781765.44;1122268.25;2013-12-03T00:00:00
346233;549380;Drhovle;;;;;32417;Drhovle Ves;;;è.p.;29;;;39701;781748.38;1122249.88;2013-12-03T00:00:00
346241;549380;Drhovle;;;;;32417;Drhovle Ves;;;è.p.;30;;;39701;781497.13;1122345.13;2013-12-03T00:00:00
346250;549380;Drhovle;;;;;32417;Drhovle Ves;;;è.p.;31;;;39701;781486.00;1122359.88;2013-12-03T00:00:00
346268;549380;Drhovle;;;;;32417;Drhovle Ves;;;è.p.;32;;;39701;781522.06;1122146.13;2013-12-03T00:00:00
346276;549380;Drhovle;;;;;32417;Drhovle Ves;;;è.p.;33;;;39701;781520.19;1122164.75;2013-12-03T00:00:00
346284;549380;Drhovle;;;;;32417;Drhovle Ves;;;è.p.;34;;;39701;781651.85;1122160.30;2013-12-03T00:00:00
346292;549380;Drhovle;;;;;32417;Drhovle Ves;;;è.p.;35;;;39701;781530.13;1122074.38;2013-12-03T00:00:00
346306;549380;Drhovle;;;;;32417;Drhovle Ves;;;è.p.;40;;;39701;781702.69;1122184.25;2013-12-03T00:00:00
346314;549380;Drhovle;;;;;32417;Drhovle Ves;;;è.p.;41;;;39701;781481.09;1121997.14;2013-12-03T00:00:00
346322;549380;Drhovle;;;;;32417;Drhovle Ves;;;è.p.;42;;;39701;781334.03;1121987.34;2013-12-03T00:00:00
346331;549380;Drhovle;;;;;32417;Drhovle Ves;;;è.p.;50;;;39701;781456.50;1122058.25;2013-12-03T00:00:00
346349;549380;Drhovle;;;;;32417;Drhovle Ves;;;è.p.;53;;;39701;781467.88;1122112.38;2013-12-03T00:00:00
346373;549380;Drhovle;;;;;32417;Drhovle Ves;;;è.p.;21;;;39701;780214.01;1120877.65;2013-12-03T00:00:00
346381;549380;Drhovle;;;;;32425;Drhovle Zámek;;;è.p.;37;;;39701;780883.21;1121629.78;2013-12-03T00:00:00
346390;549380;Drhovle;;;;;32425;Drhovle Zámek;;;è.p.;38;;;39701;780902.13;1121607.64;2013-12-03T00:00:00
346403;549380;Drhovle;;;;;32425;Drhovle Zámek;;;è.p.;39;;;39701;780740.75;1122210.00;2013-12-03T00:00:00
346411;549380;Drhovle;;;;;32425;Drhovle Zámek;;;è.p.;43;;;39701;780847.79;1121641.74;2013-12-03T00:00:00
346420;549380;Drhovle;;;;;32425;Drhovle Zámek;;;è.p.;44;;;39701;780958.13;1121926.13;2013-12-03T00:00:00
346438;549380;Drhovle;;;;;32425;Drhovle Zámek;;;è.p.;45;;;39701;781071.63;1121866.38;2013-12-03T00:00:00
346446;549380;Drhovle;;;;;32425;Drhovle Zámek;;;è.p.;46;;;39701;781008.94;1121852.50;2013-12-03T00:00:00
346454;549380;Drhovle;;;;;32425;Drhovle Zámek;;;è.p.;49;;;39701;780755.69;1122202.25;2013-12-03T00:00:00
346489;549380;Drhovle;;;;;32433;Dubí Hora;;;è.p.;1;;;39701;783191.05;1120069.05;2013-12-03T00:00:00
346497;549380;Drhovle;;;;;32433;Dubí Hora;;;è.p.;2;;;39701;783271.90;1120087.86;2013-12-03T00:00:00
346519;549380;Drhovle;;;;;32433;Dubí Hora;;;è.p.;4;;;39701;783396.41;1120149.82;2013-12-03T00:00:00
346527;549380;Drhovle;;;;;32433;Dubí Hora;;;è.p.;5;;;39701;783401.64;1120130.60;2013-12-03T00:00:00
346535;549380;Drhovle;;;;;32433;Dubí Hora;;;è.p.;6;;;39701;783758.02;1120310.93;2013-12-03T00:00:00
346543;549380;Drhovle;;;;;32433;Dubí Hora;;;è.p.;7;;;39701;783886.02;1120171.04;2013-12-03T00:00:00
346551;549380;Drhovle;;;;;32433;Dubí Hora;;;è.p.;8;;;39701;783911.80;1120334.12;2013-12-03T00:00:00
346560;549380;Drhovle;;;;;32433;Dubí Hora;;;è.p.;9;;;39701;783994.23;1120268.04;2013-12-03T00:00:00
346578;549380;Drhovle;;;;;32433;Dubí Hora;;;è.p.;10;;;39701;784099.16;1120298.52;2013-12-03T00:00:00
346586;549380;Drhovle;;;;;32433;Dubí Hora;;;è.p.;11;;;39701;784121.36;1120317.68;2013-12-03T00:00:00
346594;549380;Drhovle;;;;;32433;Dubí Hora;;;è.p.;12;;;39701;784146.22;1120301.03;2013-12-03T00:00:00
346608;549380;Drhovle;;;;;32433;Dubí Hora;;;è.p.;13;;;39701;783894.18;1120374.09;2013-12-03T00:00:00
346616;549380;Drhovle;;;;;32433;Dubí Hora;;;è.p.;14;;;39701;783804.00;1120364.22;2013-12-03T00:00:00
346624;549380;Drhovle;;;;;32433;Dubí Hora;;;è.p.;15;;;39701;783498.73;1120327.50;2013-12-03T00:00:00
346632;549380;Drhovle;;;;;32433;Dubí Hora;;;è.p.;16;;;39701;783540.44;1120300.75;2013-12-03T00:00:00
346641;549380;Drhovle;;;;;32433;Dubí Hora;;;è.p.;17;;;39701;783522.41;1120351.43;2013-12-03T00:00:00
346659;549380;Drhovle;;;;;32433;Dubí Hora;;;è.p.;18;;;39701;783522.49;1120356.73;2013-12-03T00:00:00
346667;549380;Drhovle;;;;;32433;Dubí Hora;;;è.p.;20;;;39701;783484.03;1120370.90;2013-12-03T00:00:00
346675;549380;Drhovle;;;;;32433;Dubí Hora;;;è.p.;21;;;39701;783468.12;1120372.40;2013-12-03T00:00:00
346683;549380;Drhovle;;;;;32433;Dubí Hora;;;è.p.;22;;;39701;783394.69;1120368.55;2013-12-03T00:00:00
346691;549380;Drhovle;;;;;32433;Dubí Hora;;;è.p.;23;;;39701;783288.73;1120342.21;2013-12-03T00:00:00
346705;549380;Drhovle;;;;;32433;Dubí Hora;;;è.p.;24;;;39701;783197.32;1120338.12;2013-12-03T00:00:00
346713;549380;Drhovle;;;;;32433;Dubí Hora;;;è.p.;25;;;39701;783192.22;1120312.26;2013-12-03T00:00:00
346721;549380;Drhovle;;;;;32433;Dubí Hora;;;è.p.;26;;;39701;783262.81;1120266.99;2013-12-03T00:00:00
346730;549380;Drhovle;;;;;32433;Dubí Hora;;;è.p.;27;;;39701;783270.35;1120244.69;2013-12-03T00:00:00
346748;549380;Drhovle;;;;;32433;Dubí Hora;;;è.p.;28;;;39701;783322.97;1120234.57;2013-12-03T00:00:00
346756;549380;Drhovle;;;;;32433;Dubí Hora;;;è.p.;29;;;39701;783333.47;1120277.95;2013-12-03T00:00:00
346764;549380;Drhovle;;;;;32433;Dubí Hora;;;è.p.;30;;;39701;783370.53;1120291.09;2013-12-03T00:00:00
346772;549380;Drhovle;;;;;32433;Dubí Hora;;;è.p.;31;;;39701;783383.99;1120272.84;2013-12-03T00:00:00
346781;549380;Drhovle;;;;;32433;Dubí Hora;;;è.p.;32;;;39701;783349.45;1120232.71;2013-12-03T00:00:00
346799;549380;Drhovle;;;;;32433;Dubí Hora;;;è.p.;33;;;39701;783383.79;1120172.08;2013-12-03T00:00:00
346802;549380;Drhovle;;;;;32433;Dubí Hora;;;è.p.;34;;;39701;783345.80;1120154.11;2013-12-03T00:00:00
346811;549380;Drhovle;;;;;32433;Dubí Hora;;;è.p.;35;;;39701;783334.26;1120160.13;2013-12-03T00:00:00
346829;549380;Drhovle;;;;;32433;Dubí Hora;;;è.p.;36;;;39701;783245.85;1120107.21;2013-12-03T00:00:00
346837;549380;Drhovle;;;;;32433;Dubí Hora;;;è.p.;37;;;39701;783205.86;1120095.01;2013-12-03T00:00:00
346845;549380;Drhovle;;;;;32433;Dubí Hora;;;è.p.;38;;;39701;783312.17;1120272.22;2013-12-03T00:00:00
346853;549380;Drhovle;;;;;32433;Dubí Hora;;;è.p.;39;;;39701;783384.91;1120252.49;2013-12-03T00:00:00
346861;549380;Drhovle;;;;;32433;Dubí Hora;;;è.p.;40;;;39701;783551.21;1120356.23;2013-12-03T00:00:00
346870;549380;Drhovle;;;;;32433;Dubí Hora;;;è.p.;41;;;39701;783230.26;1120348.97;2013-12-03T00:00:00
346888;549380;Drhovle;;;;;32433;Dubí Hora;;;è.p.;42;;;39701;783875.00;1120336.49;2013-12-03T00:00:00
346896;549380;Drhovle;;;;;32433;Dubí Hora;;;è.p.;43;;;39701;783298.85;1120310.24;2013-12-03T00:00:00
346900;549380;Drhovle;;;;;32433;Dubí Hora;;;è.p.;44;;;39701;783337.32;1120121.66;2013-12-03T00:00:00
346918;549380;Drhovle;;;;;32433;Dubí Hora;;;è.p.;45;;;39701;783420.39;1120145.13;2013-12-03T00:00:00
346926;549380;Drhovle;;;;;32433;Dubí Hora;;;è.p.;46;;;39701;783237.93;1120317.30;2013-12-03T00:00:00
346934;549380;Drhovle;;;;;32433;Dubí Hora;;;è.p.;47;;;39701;784074.40;1120318.58;2013-12-03T00:00:00
346942;549380;Drhovle;;;;;32433;Dubí Hora;;;è.p.;48;;;39701;783589.27;1120351.43;2013-12-03T00:00:00
346951;549380;Drhovle;;;;;32433;Dubí Hora;;;è.p.;49;;;39701;783271.77;1120357.78;2013-12-03T00:00:00
346969;549380;Drhovle;;;;;32433;Dubí Hora;;;è.p.;50;;;39701;783590.02;1120272.53;2013-12-03T00:00:00
346977;549380;Drhovle;;;;;32433;Dubí Hora;;;è.p.;51;;;39701;783293.19;1120138.55;2013-12-03T00:00:00
346985;549380;Drhovle;;;;;32433;Dubí Hora;;;è.p.;52;;;39701;783353.32;1120133.92;2013-12-03T00:00:00
346993;549380;Drhovle;;;;;32433;Dubí Hora;;;è.p.;53;;;39701;783224.16;1120121.61;2013-12-03T00:00:00
347001;549380;Drhovle;;;;;32433;Dubí Hora;;;è.p.;54;;;39701;783418.06;1120223.74;2013-12-03T00:00:00
347027;549380;Drhovle;;;;;32441;Chlaponice;;;è.p.;1;;;39701;779127.63;1122242.38;2013-12-03T00:00:00
347035;549380;Drhovle;;;;;32441;Chlaponice;;;è.p.;2;;;39701;779091.94;1122331.13;2013-12-03T00:00:00
347043;549380;Drhovle;;;;;32441;Chlaponice;;;è.p.;3;;;39701;779135.69;1122423.75;2013-12-03T00:00:00
347051;549380;Drhovle;;;;;32441;Chlaponice;;;è.p.;4;;;39701;779172.88;1122449.88;2013-12-03T00:00:00
347060;549380;Drhovle;;;;;32441;Chlaponice;;;è.p.;5;;;39701;779209.44;1122470.75;2013-12-03T00:00:00
347078;549380;Drhovle;;;;;32441;Chlaponice;;;è.p.;6;;;39701;779230.56;1122487.88;2013-12-03T00:00:00
347086;549380;Drhovle;;;;;32441;Chlaponice;;;è.p.;7;;;39701;779271.88;1122456.13;2013-12-03T00:00:00
347094;549380;Drhovle;;;;;32441;Chlaponice;;;è.p.;8;;;39701;779283.25;1122420.75;2013-12-03T00:00:00
347108;549380;Drhovle;;;;;32441;Chlaponice;;;è.p.;9;;;39701;779239.69;1122386.50;2013-12-03T00:00:00
347116;549380;Drhovle;;;;;32441;Chlaponice;;;è.p.;10;;;39701;779178.31;1122177.75;2013-12-03T00:00:00
347124;549380;Drhovle;;;;;32441;Chlaponice;;;è.p.;11;;;39701;779129.56;1122354.13;2013-12-03T00:00:00
347132;549380;Drhovle;;;;;32441;Chlaponice;;;è.p.;12;;;39701;779187.65;1122490.93;2013-12-03T00:00:00
347141;549380;Drhovle;;;;;32441;Chlaponice;;;è.p.;13;;;39701;779166.81;1122414.00;2013-12-03T00:00:00
347159;549380;Drhovle;;;;;32441;Chlaponice;;;è.p.;14;;;39701;779111.31;1122305.25;2013-12-03T00:00:00
347167;549380;Drhovle;;;;;32441;Chlaponice;;;è.p.;15;;;39701;779257.06;1122489.25;2013-12-03T00:00:00
347175;549380;Drhovle;;;;;32441;Chlaponice;;;è.p.;16;;;39701;779129.81;1122294.13;2013-12-03T00:00:00
347183;549380;Drhovle;;;;;32441;Chlaponice;;;è.p.;17;;;39701;779229.88;1122435.50;2013-12-03T00:00:00
347191;549380;Drhovle;;;;;32441;Chlaponice;;;è.p.;18;;;39701;779276.00;1122492.13;2013-12-03T00:00:00
347205;549380;Drhovle;;;;;32441;Chlaponice;;;è.p.;19;;;39701;779197.44;1122446.13;2013-12-03T00:00:00
347213;549380;Drhovle;;;;;32441;Chlaponice;;;è.p.;20;;;39701;779161.38;1122501.88;2013-12-03T00:00:00
347221;549380;Drhovle;;;;;32441;Chlaponice;;;è.p.;22;;;39701;779168.75;1122282.75;2013-12-03T00:00:00
347230;549380;Drhovle;;;;;32441;Chlaponice;;;è.p.;23;;;39701;779137.00;1122365.00;2013-12-03T00:00:00
347248;549380;Drhovle;;;;;32441;Chlaponice;;;è.p.;24;;;39701;779179.19;1122249.75;2013-12-03T00:00:00
347256;549380;Drhovle;;;;;32441;Chlaponice;;;è.p.;25;;;39701;779180.25;1122257.13;2013-12-03T00:00:00
347264;549380;Drhovle;;;;;32441;Chlaponice;;;è.p.;26;;;39701;779122.31;1122536.25;2013-12-03T00:00:00
347272;549380;Drhovle;;;;;32441;Chlaponice;;;è.p.;27;;;39701;779038.44;1122227.75;2013-12-03T00:00:00
347281;549380;Drhovle;;;;;32441;Chlaponice;;;è.p.;28;;;39701;779337.56;1122491.63;2013-12-03T00:00:00
347299;549380;Drhovle;;;;;32441;Chlaponice;;;è.p.;29;;;39701;779227.94;1122412.25;2013-12-03T00:00:00
347302;549380;Drhovle;;;;;32441;Chlaponice;;;è.p.;30;;;39701;779132.81;1122226.63;2013-12-03T00:00:00
347311;549380;Drhovle;;;;;32441;Chlaponice;;;è.p.;31;;;39701;779182.79;1122432.81;2013-12-03T00:00:00
347329;549380;Drhovle;;;;;32450;Mladotice;;;è.p.;1;;;39701;779156.38;1122140.50;2013-12-03T00:00:00
347337;549380;Drhovle;;;;;32450;Mladotice;;;è.p.;2;;;39701;779235.81;1122111.38;2013-12-03T00:00:00
347345;549380;Drhovle;;;;;32450;Mladotice;;;è.p.;3;;;39701;779449.19;1122020.63;2013-12-03T00:00:00
347353;549380;Drhovle;;;;;32450;Mladotice;;;è.p.;4;;;39701;779489.44;1122031.25;2013-12-03T00:00:00
347361;549380;Drhovle;;;;;32450;Mladotice;;;è.p.;5;;;39701;779508.78;1122002.92;2013-12-03T00:00:00
347370;549380;Drhovle;;;;;32450;Mladotice;;;è.p.;6;;;39701;779538.81;1121978.25;2013-12-03T00:00:00
347388;549380;Drhovle;;;;;32450;Mladotice;;;è.p.;7;;;39701;779551.88;1121978.00;2013-12-03T00:00:00
347396;549380;Drhovle;;;;;32450;Mladotice;;;è.p.;8;;;39701;779590.13;1122001.75;2013-12-03T00:00:00
347400;549380;Drhovle;;;;;32450;Mladotice;;;è.p.;9;;;39701;779632.13;1121978.88;2013-12-03T00:00:00
347418;549380;Drhovle;;;;;32450;Mladotice;;;è.p.;10;;;39701;779652.56;1121978.63;2013-12-03T00:00:00
347426;549380;Drhovle;;;;;32450;Mladotice;;;è.p.;11;;;39701;779667.38;1121979.75;2013-12-03T00:00:00
347434;549380;Drhovle;;;;;32450;Mladotice;;;è.p.;12;;;39701;779732.63;1121950.63;2013-12-03T00:00:00
347442;549380;Drhovle;;;;;32450;Mladotice;;;è.p.;13;;;39701;779763.31;1121989.50;2013-12-03T00:00:00
347451;549380;Drhovle;;;;;32450;Mladotice;;;è.p.;14;;;39701;779679.75;1121998.50;2013-12-03T00:00:00
347469;549380;Drhovle;;;;;32450;Mladotice;;;è.p.;15;;;39701;779629.06;1122019.13;2013-12-03T00:00:00
347477;549380;Drhovle;;;;;32450;Mladotice;;;è.p.;16;;;39701;779638.19;1122143.38;2013-12-03T00:00:00
347485;549380;Drhovle;;;;;32450;Mladotice;;;è.p.;17;;;39701;779469.38;1122278.63;2013-12-03T00:00:00
347493;549380;Drhovle;;;;;32450;Mladotice;;;è.p.;18;;;39701;779571.88;1122074.75;2013-12-03T00:00:00
347507;549380;Drhovle;;;;;32450;Mladotice;;;è.p.;19;;;39701;779576.44;1122115.50;2013-12-03T00:00:00
347515;549380;Drhovle;;;;;32450;Mladotice;;;è.p.;20;;;39701;779589.25;1122134.00;2013-12-03T00:00:00
347523;549380;Drhovle;;;;;32450;Mladotice;;;è.p.;21;;;39701;779546.00;1122124.38;2013-12-03T00:00:00
347531;549380;Drhovle;;;;;32450;Mladotice;;;è.p.;22;;;39701;779547.06;1122149.88;2013-12-03T00:00:00
347540;549380;Drhovle;;;;;32450;Mladotice;;;è.p.;23;;;39701;780203.94;1123096.25;2013-12-03T00:00:00
347558;549380;Drhovle;;;;;32450;Mladotice;;;è.p.;24;;;39701;780220.13;1123093.50;2013-12-03T00:00:00
347566;549380;Drhovle;;;;;32450;Mladotice;;;è.p.;25;;;39701;780250.50;1123093.25;2013-12-03T00:00:00
347574;549380;Drhovle;;;;;32450;Mladotice;;;è.p.;26;;;39701;780231.56;1123030.50;2013-12-03T00:00:00
347582;549380;Drhovle;;;;;32450;Mladotice;;;è.p.;27;;;39701;780224.50;1123006.13;2013-12-03T00:00:00
347591;549380;Drhovle;;;;;32450;Mladotice;;;è.p.;28;;;39701;780237.69;1123004.63;2013-12-03T00:00:00
347604;549380;Drhovle;;;;;32450;Mladotice;;;è.p.;29;;;39701;780254.00;1122999.00;2013-12-03T00:00:00
347612;549380;Drhovle;;;;;32450;Mladotice;;;è.p.;30;;;39701;780283.13;1123011.00;2013-12-03T00:00:00
347621;549380;Drhovle;;;;;32450;Mladotice;;;è.p.;31;;;39701;780317.38;1122999.25;2013-12-03T00:00:00
347639;549380;Drhovle;;;;;32450;Mladotice;;;è.p.;32;;;39701;780387.81;1123109.50;2013-12-03T00:00:00
347647;549380;Drhovle;;;;;32450;Mladotice;;;è.p.;33;;;39701;780414.25;1123087.13;2013-12-03T00:00:00
347655;549380;Drhovle;;;;;32450;Mladotice;;;è.p.;34;;;39701;780448.81;1123104.25;2013-12-03T00:00:00
347663;549380;Drhovle;;;;;32450;Mladotice;;;è.p.;35;;;39701;780465.07;1123119.50;2020-01-09T00:00:00
347671;549380;Drhovle;;;;;32450;Mladotice;;;è.p.;36;;;39701;780483.81;1123083.38;2013-12-03T00:00:00
347680;549380;Drhovle;;;;;32450;Mladotice;;;è.p.;37;;;39701;780572.38;1123124.38;2013-12-03T00:00:00
347698;549380;Drhovle;;;;;32450;Mladotice;;;è.p.;38;;;39701;780605.06;1123118.00;2013-12-03T00:00:00
347701;549380;Drhovle;;;;;32450;Mladotice;;;è.p.;39;;;39701;780630.25;1123130.63;2013-12-03T00:00:00
347710;549380;Drhovle;;;;;32450;Mladotice;;;è.p.;40;;;39701;780648.75;1123140.13;2013-12-03T00:00:00
347728;549380;Drhovle;;;;;32450;Mladotice;;;è.p.;41;;;39701;780671.19;1123115.25;2013-12-03T00:00:00
347736;549380;Drhovle;;;;;32450;Mladotice;;;è.p.;42;;;39701;780744.38;1123135.38;2013-12-03T00:00:00
347744;549380;Drhovle;;;;;32450;Mladotice;;;è.p.;43;;;39701;780699.50;1122916.50;2013-12-03T00:00:00
347752;549380;Drhovle;;;;;32450;Mladotice;;;è.p.;44;;;39701;780765.25;1122879.50;2013-12-03T00:00:00
347761;549380;Drhovle;;;;;32450;Mladotice;;;è.p.;45;;;39701;780731.81;1122821.25;2013-12-03T00:00:00
347779;549380;Drhovle;;;;;32450;Mladotice;;;è.p.;46;;;39701;780738.13;1123303.88;2013-12-03T00:00:00
347787;549380;Drhovle;;;;;32450;Mladotice;;;è.p.;47;;;39701;779615.19;1122031.13;2013-12-03T00:00:00
347795;549380;Drhovle;;;;;32450;Mladotice;;;è.p.;48;;;39701;779597.56;1122048.25;2013-12-03T00:00:00
347809;549380;Drhovle;;;;;32450;Mladotice;;;è.p.;49;;;39701;780404.56;1123107.74;2013-12-03T00:00:00
347817;549380;Drhovle;;;;;32450;Mladotice;;;è.p.;50;;;39701;779724.81;1121928.50;2013-12-03T00:00:00
347825;549380;Drhovle;;;;;32450;Mladotice;;;è.p.;51;;;39701;779526.81;1122015.38;2013-12-03T00:00:00
347833;549380;Drhovle;;;;;32476;Pamìtice;;;è.p.;1;;;39701;781960.08;1121525.13;2013-12-03T00:00:00
347841;549380;Drhovle;;;;;32476;Pamìtice;;;è.p.;2;;;39701;781994.61;1121460.50;2013-12-03T00:00:00
347850;549380;Drhovle;;;;;32476;Pamìtice;;;è.p.;3;;;39701;781989.30;1121421.10;2013-12-03T00:00:00
347868;549380;Drhovle;;;;;32476;Pamìtice;;;è.p.;4;;;39701;781850.71;1121135.69;2013-12-03T00:00:00
347876;549380;Drhovle;;;;;32476;Pamìtice;;;è.p.;5;;;39701;781985.83;1121397.81;2013-12-03T00:00:00
347884;549380;Drhovle;;;;;32476;Pamìtice;;;è.p.;6;;;39701;781985.91;1121385.81;2013-12-03T00:00:00
347892;549380;Drhovle;;;;;32476;Pamìtice;;;è.p.;7;;;39701;781976.30;1121348.66;2013-12-03T00:00:00
347906;549380;Drhovle;;;;;32476;Pamìtice;;;è.p.;8;;;39701;781927.50;1121148.00;2013-12-03T00:00:00
347914;549380;Drhovle;;;;;32476;Pamìtice;;;è.p.;9;;;39701;781986.74;1121317.20;2013-12-03T00:00:00
347922;549380;Drhovle;;;;;32476;Pamìtice;;;è.p.;10;;;39701;781989.07;1121290.69;2013-12-03T00:00:00
347931;549380;Drhovle;;;;;32476;Pamìtice;;;è.p.;11;;;39701;781911.21;1121249.33;2013-12-03T00:00:00
347949;549380;Drhovle;;;;;32476;Pamìtice;;;è.p.;12;;;39701;781920.97;1121172.53;2013-12-03T00:00:00
347957;549380;Drhovle;;;;;32476;Pamìtice;;;è.p.;13;;;39701;781981.34;1121234.82;2013-12-03T00:00:00
347965;549380;Drhovle;;;;;32476;Pamìtice;;;è.p.;14;;;39701;782001.70;1121219.71;2013-12-03T00:00:00
347973;549380;Drhovle;;;;;32476;Pamìtice;;;è.p.;15;;;39701;782019.71;1121267.07;2013-12-03T00:00:00
347981;549380;Drhovle;;;;;32476;Pamìtice;;;è.p.;16;;;39701;782049.96;1121237.12;2013-12-03T00:00:00
347990;549380;Drhovle;;;;;32476;Pamìtice;;;è.p.;17;;;39701;782104.19;1121243.11;2013-12-03T00:00:00
348007;549380;Drhovle;;;;;32476;Pamìtice;;;è.p.;18;;;39701;782001.81;1121454.00;2013-12-03T00:00:00
348015;549380;Drhovle;;;;;32476;Pamìtice;;;è.p.;19;;;39701;782080.29;1121269.58;2013-12-03T00:00:00
348023;549380;Drhovle;;;;;32476;Pamìtice;;;è.p.;20;;;39701;782077.92;1121326.29;2013-12-03T00:00:00
348031;549380;Drhovle;;;;;32476;Pamìtice;;;è.p.;21;;;39701;782055.19;1121375.48;2013-12-03T00:00:00
348040;549380;Drhovle;;;;;32476;Pamìtice;;;è.p.;22;;;39701;782067.97;1121388.45;2013-12-03T00:00:00
348058;549380;Drhovle;;;;;32476;Pamìtice;;;è.p.;23;;;39701;782064.42;1121421.24;2013-12-03T00:00:00
348066;549380;Drhovle;;;;;32476;Pamìtice;;;è.p.;24;;;39701;782035.12;1121453.84;2013-12-03T00:00:00
348074;549380;Drhovle;;;;;32476;Pamìtice;;;è.p.;25;;;39701;782022.10;1121497.41;2013-12-03T00:00:00
348082;549380;Drhovle;;;;;32476;Pamìtice;;;è.p.;26;;;39701;782039.60;1121541.36;2013-12-03T00:00:00
348091;549380;Drhovle;;;;;32476;Pamìtice;;;è.p.;27;;;39701;782159.73;1121208.64;2013-12-03T00:00:00
348104;549380;Drhovle;;;;;32476;Pamìtice;;;è.p.;28;;;39701;782094.04;1121564.63;2013-12-03T00:00:00
348112;549380;Drhovle;;;;;32476;Pamìtice;;;è.p.;29;;;39701;782023.17;1121582.02;2013-12-03T00:00:00
348121;549380;Drhovle;;;;;32476;Pamìtice;;;è.p.;31;;;39701;782010.27;1121397.53;2013-12-03T00:00:00
348139;549380;Drhovle;;;;;32476;Pamìtice;;;è.p.;32;;;39701;782022.46;1121378.43;2013-12-03T00:00:00
348147;549380;Drhovle;;;;;32476;Pamìtice;;;è.p.;33;;;39701;781901.85;1121232.85;2013-12-03T00:00:00
348155;549380;Drhovle;;;;;32476;Pamìtice;;;è.p.;35;;;39701;782020.16;1121252.46;2013-12-03T00:00:00
348163;549380;Drhovle;;;;;32476;Pamìtice;;;è.p.;36;;;39701;782038.94;1121327.45;2013-12-03T00:00:00
348171;549380;Drhovle;;;;;32476;Pamìtice;;;è.p.;37;;;39701;782035.06;1121248.61;2013-12-03T00:00:00
348180;549380;Drhovle;;;;;32476;Pamìtice;;;è.p.;38;;;39701;781902.63;1121152.61;2013-12-03T00:00:00
348198;549380;Drhovle;;;;;32476;Pamìtice;;;è.p.;39;;;39701;781988.59;1121530.68;2013-12-03T00:00:00
348201;549380;Drhovle;;;;;32476;Pamìtice;;;è.p.;40;;;39701;782026.10;1121477.95;2013-12-03T00:00:00
348210;549380;Drhovle;;;;;32476;Pamìtice;;;è.p.;41;;;39701;781948.99;1121511.86;2013-12-03T00:00:00
348228;549380;Drhovle;;;;;32476;Pamìtice;;;è.p.;42;;;39701;782136.67;1121183.87;2013-12-03T00:00:00
348236;549380;Drhovle;;;;;32476;Pamìtice;;;è.p.;43;;;39701;782084.87;1121613.35;2013-12-03T00:00:00
348244;549380;Drhovle;;;;;32476;Pamìtice;;;è.p.;44;;;39701;781959.39;1121592.74;2013-12-03T00:00:00
348252;549380;Drhovle;;;;;32476;Pamìtice;;;è.p.;45;;;39701;781991.24;1121442.95;2013-12-03T00:00:00
348261;549380;Drhovle;;;;;32476;Pamìtice;;;è.p.;46;;;39701;782030.90;1121521.85;2013-12-03T00:00:00
348279;549380;Drhovle;;;;;32476;Pamìtice;;;è.p.;47;;;39701;782085.42;1121236.53;2013-12-03T00:00:00
348287;549380;Drhovle;;;;;32476;Pamìtice;;;è.p.;48;;;39701;782062.71;1121565.91;2013-12-03T00:00:00
348295;549380;Drhovle;;;;;32476;Pamìtice;;;è.p.;49;;;39701;782062.14;1121359.98;2013-12-03T00:00:00
348309;549380;Drhovle;;;;;32476;Pamìtice;;;è.p.;51;;;39701;781908.22;1121194.34;2013-12-03T00:00:00
348317;549380;Drhovle;;;;;32476;Pamìtice;;;è.p.;52;;;39701;782132.29;1121133.49;2013-12-03T00:00:00
348325;549380;Drhovle;;;;;32476;Pamìtice;;;è.p.;53;;;39701;782168.25;1121170.22;2013-12-03T00:00:00
348333;549380;Drhovle;;;;;32476;Pamìtice;;;è.p.;54;;;39701;782100.25;1121656.25;2013-12-03T00:00:00
348341;549380;Drhovle;;;;;32476;Pamìtice;;;è.p.;55;;;39701;781979.38;1121595.75;2013-12-03T00:00:00
348350;549380;Drhovle;;;;;32476;Pamìtice;;;è.p.;56;;;39701;781939.57;1121194.85;2013-12-03T00:00:00
348368;549380;Drhovle;;;;;32476;Pamìtice;;;è.p.;57;;;39701;781871.04;1121151.50;2013-12-03T00:00:00
348384;549380;Drhovle;;;;;32476;Pamìtice;;;è.p.;58;;;39701;782097.85;1121298.68;2013-12-03T00:00:00
348392;549380;Drhovle;;;;;32409;Brloh;;;è.p.;52;;;39701;783285.84;1122740.67;2013-12-03T00:00:00
348406;549380;Drhovle;;;;;32409;Brloh;;;è.p.;53;;;39701;782751.29;1123528.04;2013-12-03T00:00:00
25476301;549380;Drhovle;;;;;32433;Dubí Hora;;;è.p.;57;;;39701;783464.85;1120332.76;2013-12-03T00:00:00
25556061;549380;Drhovle;;;;;32409;Brloh;;;è.p.;55;;;39701;782871.63;1122585.88;2013-12-03T00:00:00
25894315;549380;Drhovle;;;;;32409;Brloh;;;è.p.;58;;;39701;784196.00;1122347.00;2013-12-03T00:00:00
26043076;549380;Drhovle;;;;;32450;Mladotice;;;è.p.;54;;;39701;779838.52;1122005.00;2013-12-03T00:00:00
26259095;549380;Drhovle;;;;;32450;Mladotice;;;è.p.;56;;;39701;780564.68;1123169.14;2013-12-03T00:00:00
26330504;549380;Drhovle;;;;;32450;Mladotice;;;è.p.;55;;;39701;780353.00;1123083.00;2013-12-03T00:00:00
26330512;549380;Drhovle;;;;;32450;Mladotice;;;è.p.;57;;;39701;779973.41;1123145.66;2013-12-03T00:00:00
26565625;549380;Drhovle;;;;;32450;Mladotice;;;è.p.;58;;;39701;780330.84;1123156.68;2013-12-03T00:00:00
26645327;549380;Drhovle;;;;;32450;Mladotice;;;è.p.;59;;;39701;780356.10;1122979.55;2013-12-03T00:00:00
26831741;549380;Drhovle;;;;;32409;Brloh;;;è.p.;54;;;39701;783485.56;1122732.38;2013-12-03T00:00:00
26831759;549380;Drhovle;;;;;32409;Brloh;;;è.p.;56;;;39701;782686.31;1122543.13;2013-12-03T00:00:00
26831767;549380;Drhovle;;;;;32417;Drhovle Ves;;;è.p.;52;;;39701;781461.69;1122091.50;2013-12-03T00:00:00
26831775;549380;Drhovle;;;;;32433;Dubí Hora;;;è.p.;56;;;39701;783434.49;1120241.26;2013-12-03T00:00:00
26831783;549380;Drhovle;;;;;32433;Dubí Hora;;;è.p.;58;;;39701;783636.12;1120255.79;2013-12-03T00:00:00
26831791;549380;Drhovle;;;;;32433;Dubí Hora;;;è.p.;60;;;39701;783497.68;1120245.51;2013-12-03T00:00:00
26831805;549380;Drhovle;;;;;32450;Mladotice;;;è.p.;52;;;39701;780260.57;1123127.46;2013-12-03T00:00:00
27117383;549380;Drhovle;;;;;32450;Mladotice;;;è.p.;53;;;39701;780452.36;1123152.70;2013-12-03T00:00:00
27117391;549380;Drhovle;;;;;32417;Drhovle Ves;;;è.p.;18;;;39701;780196.63;1121029.32;2017-03-21T00:00:00
27117405;549380;Drhovle;;;;;32441;Chlaponice;;;è.p.;32;;;39701;779083.26;1122101.25;2013-12-03T00:00:00
27193195;549380;Drhovle;;;;;32409;Brloh;;;è.p.;57;;;39701;783021.53;1122531.30;2013-12-03T00:00:00
27337359;549380;Drhovle;;;;;32433;Dubí Hora;;;è.p.;59;;;39701;783696.50;1120316.91;2013-12-03T00:00:00
27464920;549380;Drhovle;;;;;32433;Dubí Hora;;;è.p.;62;;;39701;783347.64;1120339.24;2013-12-03T00:00:00
27487717;549380;Drhovle;;;;;32450;Mladotice;;;è.p.;60;;;39701;780341.74;1122946.91;2013-12-03T00:00:00
27526241;549380;Drhovle;;;;;32433;Dubí Hora;;;è.p.;61;;;39701;783644.04;1120233.81;2013-12-03T00:00:00
28223021;549380;Drhovle;;;;;32476;Pamìtice;;;è.p.;60;;;39701;782201.90;1120956.34;2017-03-21T00:00:00
28341180;549380;Drhovle;;;;;32476;Pamìtice;;;è.p.;62;;;39701;782146.52;1121274.11;2013-12-03T00:00:00
30720265;549380;Drhovle;;;;;32476;Pamìtice;;;è.p.;63;;;39701;781850.38;1121189.51;2013-12-03T00:00:00
40258297;549380;Drhovle;;;;;32433;Dubí Hora;;;è.p.;64;;;39701;783767.50;1120398.18;2013-12-03T00:00:00
40324800;549380;Drhovle;;;;;32450;Mladotice;;;è.p.;62;;;39701;780724.23;1123201.10;2013-12-03T00:00:00
40491129;549380;Drhovle;;;;;32433;Dubí Hora;;;è.p.;63;;;39701;783557.84;1120192.12;2013-12-03T00:00:00
40875300;549380;Drhovle;;;;;32476;Pamìtice;;;è.p.;61;;;39701;782059.04;1121312.89;2013-12-03T00:00:00
41875842;549380;Drhovle;;;;;32417;Drhovle Ves;;;è.p.;54;;;39701;781100.35;1121364.78;2013-12-03T00:00:00
72499753;549380;Drhovle;;;;;32433;Dubí Hora;;;è.p.;65;;;39701;783953.43;1120420.23;2014-04-02T00:00:00
72909153;549380;Drhovle;;;;;32450;Mladotice;;;è.p.;63;;;39701;780357.40;1123047.04;2014-07-21T00:00:00
73249114;549380;Drhovle;;;;;32450;Mladotice;;;è.p.;61;;;39701;780514.56;1123154.22;2014-12-04T00:00:00
73571377;549380;Drhovle;;;;;32441;Chlaponice;;;è.p.;34;;;39701;779308.37;1122577.70;2015-04-07T00:00:00
74491679;549380;Drhovle;;;;;32433;Dubí Hora;;;è.p.;66;;;39701;783109.39;1120119.67;2016-01-20T00:00:00
75208342;549380;Drhovle;;;;;32476;Pamìtice;;;è.p.;64;;;39701;782115.56;1121162.59;2016-07-18T00:00:00
75381656;549380;Drhovle;;;;;32441;Chlaponice;;;è.p.;33;;;39701;779213.94;1122519.63;2016-09-30T00:00:00
77897960;549380;Drhovle;;;;;32450;Mladotice;;;è.p.;64;;;39701;779383.68;1122031.41;2017-12-22T00:00:00
77938712;549380;Drhovle;;;;;32433;Dubí Hora;;;è.p.;67;;;39701;783726.31;1120334.66;2018-01-16T00:00:00
78923549;549380;Drhovle;;;;;32476;Pamìtice;;;è.p.;65;;;39701;782088.81;1121450.94;2018-11-28T00:00:00
78977941;549380;Drhovle;;;;;32441;Chlaponice;;;è.p.;35;;;39701;779157.43;1122545.12;2018-12-12T00:00:00
79052215;549380;Drhovle;;;;;32441;Chlaponice;;;è.p.;36;;;39701;779192.57;1122261.48;2019-01-11T00:00:00
79060781;549380;Drhovle;;;;;32476;Pamìtice;;;è.p.;59;;;39701;782120.65;1121609.77;2019-01-15T00:00:00
79657095;549380;Drhovle;;;;;32476;Pamìtice;;;è.p.;66;;;39701;781794.92;1121167.53;2019-08-12T00:00:00
79683011;549380;Drhovle;;;;;32476;Pamìtice;;;è.p.;67;;;39701;781726.93;1121167.05;2019-08-22T00:00:00
80227350;549380;Drhovle;;;;;32433;Dubí Hora;;;è.p.;68;;;39701;783629.40;1120287.58;2020-01-07T00:00:00
81785780;549380;Drhovle;;;;;32433;Dubí Hora;;;è.p.;69;;;39701;783658.20;1120305.36;2021-05-18T00:00:00
82070601;549380;Drhovle;;;;;32417;Drhovle Ves;;;è.p.;55;;;39701;781044.98;1122122.98;2021-09-09T00:00:00
82118639;549380;Drhovle;;;;;32476;Pamìtice;;;è.p.;68;;;39701;782133.68;1121078.38;2021-09-20T00:00:00
82264015;549380;Drhovle;;;;;32417;Drhovle Ves;;;è.p.;56;;;39701;781129.65;1122092.83;2021-11-15T00:00:00
82442541;549380;Drhovle;;;;;32433;Dubí Hora;;;è.p.;70;;;39701;783679.81;1120304.79;2022-01-07T00:00:00
82490040;549380;Drhovle;;;;;32450;Mladotice;;;è.p.;65;;;39701;779228.20;1122019.12;2022-01-13T00:00:00
83215441;549380;Drhovle;;;;;32417;Drhovle Ves;;;è.p.;57;;;39701;781107.59;1122107.26;2022-08-15T00:00:00
84244577;549380;Drhovle;;;;;32450;Mladotice;;;è.p.;66;;;39701;779313.04;1122045.44;2022-11-04T00:00:00
84267011;549380;Drhovle;;;;;32433;Dubí Hora;;;è.p.;71;;;39701;783302.95;1120100.88;2022-11-14T00:00:00
84587580;549380;Drhovle;;;;;32476;Pamìtice;;;è.p.;69;;;39701;782129.08;1121578.73;2022-12-02T00:00:00
85230243;549380;Drhovle;;;;;32450;Mladotice;;;è.p.;67;;;39701;780462.99;1123201.13;2023-06-01T00:00:00
85301698;549380;Drhovle;;;;;32476;Pamìtice;;;è.p.;70;;;39701;781768.65;1121170.35;2023-06-16T00:00:00
85695351;549380;Drhovle;;;;;32450;Mladotice;;;è.p.;68;;;39701;779420.11;1122040.45;2023-10-25T00:00:00
85759236;549380;Drhovle;;;;;32409;Brloh;;;è.p.;59;;;39701;783159.70;1122537.93;2023-11-14T00:00:00
